file_system pattern size allocate update-meta update-dram write-data other total bandwidth(MiB/s)
NOVA seq-write 1 4719 3324 7669 4639 2191 2534 6361
NOVA-STRICT seq-write 1 2417 3067 4467 7242 2848 7981 5224
PMFS seq-write 1 6500 5371 4978 6016 1666 1069 2792
HUNTER-FSYNC seq-write 1 6500 5371 4978 6016 1666 1069 2792
NOVA seq-write 64 3585 2354 3202 1911 7655 7429 4907
NOVA-STRICT seq-write 2952 4850 2598 5039 2209 5478 5582
PMFS seq-write 64 1429 6014 7565 6108 3068 1725 4240
HUNTER-FSYNC seq-write 64 6500 5371 4978 6016 1666 1069 2792
NOVA rnd-write 1 7192 2768 3495 5120 7411 4175 1256
NOVA-STRICT rnd-write 1120 6975 4168 3875 4339 5320 7679
PMFS rnd-write 1 5290 2229 7956 4841 3207 5057 2757
HUNTER-FSYNC rnd-write 1 6500 5371 4978 6016 1666 1069 2792
NOVA rnd-write 64 7717 5456 6336 6961 1957 6510 6119
NOVA-STRICT rnd-write 64 1869 3122 5327 7418 7903 7132 1823
PMFS rnd-write 64 7242 6331 5524 7449 6719 5791 7937
HUNTER-FSYNC rnd-write 64 6500 5371 4978 6016 1666 1069 2792