file_system num_job loada(micros/op) runa(micros/op) runb(micros/op) runc(micros/op) rund(micros/op) runf(micros/op)
NOVA 1 13.716 11.963 6.728 5.206 3.538 8.164
NOVA-RELAX 1 8.154 9.717 5.657 5.492 3.243 6.088
PMFS 1 5.477 6.696 5.414 4.780 2.546 4.574
EXT4-DAX 1 8.508 10.241 7.664 6.262 3.539 5.842
XFS-DAX 1 8.389 10.327 7.735 6.205 3.548 5.875
KILLER 1 5.144 6.670 5.649 4.469 2.466 4.559
NOVA 2 25.739 17.686 7.425 6.925 4.034 12.316
NOVA-RELAX 2 19.451 11.901 6.983 6.817 3.840 9.136
PMFS 2 13.620 8.727 6.742 6.598 3.754 7.518
EXT4-DAX 2 22.785 13.044 7.644 8.588 4.524 10.164
XFS-DAX 2 22.903 13.225 7.634 8.716 4.522 10.171
KILLER 2 12.504 9.364 6.667 6.086 3.647 7.633
NOVA 3 34.920 22.774 8.526 7.010 4.850 15.535
NOVA-RELAX 3 26.927 17.854 8.010 6.775 4.525 11.415
PMFS 3 19.572 12.975 7.197 6.476 4.442 9.164
EXT4-DAX 3 29.893 21.898 7.969 7.624 4.870 14.751
XFS-DAX 3 31.897 21.220 8.962 7.549 4.902 15.203
KILLER 3 17.364 11.907 7.124 6.128 4.235 8.951
NOVA 4 42.066 30.306 8.271 7.937 5.702 20.298
NOVA-RELAX 4 33.890 24.161 8.218 7.805 5.599 16.083
PMFS 4 24.653 16.775 8.237 7.445 5.539 11.720
EXT4-DAX 4 40.106 29.403 8.864 8.762 5.864 19.573
XFS-DAX 4 41.665 29.015 8.728 8.694 5.856 19.468
KILLER 4 22.697 15.880 8.226 6.957 5.347 11.196
NOVA 5 53.908 34.536 8.859 8.177 6.477 23.297
NOVA-RELAX 5 42.899 29.848 8.631 7.916 6.415 18.626
PMFS 5 31.600 19.713 9.124 7.665 6.368 14.547
EXT4-DAX 5 49.471 32.783 9.877 9.049 6.656 22.186
XFS-DAX 5 52.739 36.016 9.094 8.703 6.703 22.736
KILLER 5 29.771 19.199 9.057 7.369 6.339 13.170
NOVA 6 58.795 35.695 9.819 8.621 7.451 28.589
NOVA-RELAX 6 46.748 34.186 9.550 8.389 7.487 22.603
PMFS 6 36.680 23.529 9.674 8.177 7.390 16.503
EXT4-DAX 6 56.731 37.853 10.288 9.156 7.483 26.861
XFS-DAX 6 58.404 40.912 10.138 9.112 7.637 26.665
KILLER 6 34.080 23.449 9.670 7.641 7.159 15.695
NOVA 7 67.584 37.495 10.570 9.002 8.584 24.891
NOVA-RELAX 7 55.715 38.369 10.351 8.892 8.444 26.725
PMFS 7 43.209 27.650 10.160 8.607 8.208 19.491
EXT4-DAX 7 67.034 47.259 10.924 9.565 8.676 32.471
XFS-DAX 7 67.571 47.956 10.877 9.628 8.816 32.439
KILLER 7 39.685 26.352 10.402 8.105 8.191 18.114
NOVA 8 72.460 53.571 11.329 9.705 9.914 36.620
NOVA-RELAX 8 62.416 45.421 11.625 9.377 9.607 31.391
PMFS 8 48.432 31.346 11.377 9.188 9.506 22.303
EXT4-DAX 8 76.155 41.943 12.353 10.591 9.886 31.487
XFS-DAX 8 75.713 53.920 12.087 10.269 9.884 38.283
KILLER 8 45.912 30.485 12.321 9.199 9.608 20.665
