file_system file_size tail50 tail60 tail70 tail80 tail90 tail95 tail99 tail995 tail999 tail9995 tail9999
NOVA 1024 3632 4048 4768 5024 5344 6176 6880 7520 19072 20864 23936
NOVA 32768 3504 3728 4512 4896 5216 5728 6816 7456 17792 19840 22912
PMFS 1024 4000 4000 4000 5000 5000 5000 6000 7000 21000 273000 281000
PMFS 32768 4000 4000 5000 5000 5000 5000 6000 7000 21000 273000 293000
KILLER 1024 1704 1768 1848 1960 2160 2512 4256 4896 6496 14144 18560
KILLER 32768 1832 1912 2008 2128 2384 3248 4960 5408 11840 17280 19328
SplitFS-FIO 1024 1496 1544 1592 1656 1752 1848 3216 3472 21888 946176 1036288
SplitFS-FIO 32768 1512 1544 1608 1656 1768 2096 4448 4768 954368 1843200 2375680
EXT4-DAX 1024 8384 8768 9152 9536 10048 10432 11584 12992 25216 25984 28032
EXT4-DAX 32768 8640 9024 9408 9792 10304 11072 16768 19072 25728 27008 30592
XFS-DAX 1024 8640 9152 9664 10048 10432 10944 12096 13248 25728 26496 28288
XFS-DAX 32768 8768 9280 9664 10048 10432 10944 12224 13760 25728 26752 29056
NOVA 1024 3664 3952 4768 5024 5344 6112 6816 7392 18816 20608 22656
NOVA 32768 3472 3664 4512 4832 5152 5664 6816 7456 16512 19584 22656
PMFS 1024 4000 4000 4000 5000 5000 5000 6000 7000 20000 269000 281000
PMFS 32768 4000 4000 4000 5000 5000 5000 6000 7000 21000 277000 285000
KILLER 1024 1864 1960 2064 2192 2544 3664 5344 5664 12608 17536 20096
KILLER 32768 1816 1912 2008 2128 2384 3024 4448 5088 6880 14784 19072
SplitFS-FIO 1024 1496 1528 1592 1640 1752 1848 3184 3472 25216 946176 1003520
SplitFS-FIO 32768 1512 1560 1608 1656 1768 1992 4384 4768 954368 2211840 2408448
EXT4-DAX 1024 8384 8896 9152 9536 9920 10432 11584 12352 24448 25728 28288
EXT4-DAX 32768 8640 9024 9408 9792 10304 10944 16512 18816 25728 26752 30848
XFS-DAX 1024 8896 9408 9664 10048 10432 10944 12096 13632 25728 26752 28800
XFS-DAX 32768 8768 9152 9536 9920 10304 10816 11968 13120 25472 26240 28544
NOVA 1024 3472 3632 4128 4832 5088 5408 6688 7392 17792 19584 24192
NOVA 32768 3408 3600 4256 4768 5088 5408 6688 7328 16320 19584 22656
PMFS 1024 4000 4000 4000 5000 5000 5000 6000 7000 21000 273000 281000
PMFS 32768 4000 4000 5000 5000 5000 5000 6000 7000 21000 277000 285000
KILLER 1024 1544 1608 1704 1832 2192 2704 4016 4512 5920 13120 19072
KILLER 32768 1864 1960 2064 2224 2576 3600 5088 5536 7392 15680 19328
SplitFS-FIO 1024 1496 1544 1592 1640 1752 1848 3184 3440 47872 946176 1003520
SplitFS-FIO 32768 1512 1544 1608 1656 1784 2024 4384 4704 954368 1826816 2375680
EXT4-DAX 1024 8384 8896 9280 9664 10048 10560 11712 12992 25216 26240 28800
EXT4-DAX 32768 8512 9024 9408 9792 10304 10944 16512 18816 25472 26752 30080
XFS-DAX 1024 8640 9152 9536 9920 10432 10944 12096 13376 25728 26496 28032
XFS-DAX 32768 8896 9408 9664 10048 10560 10944 12096 13248 25728 26752 28800
NOVA 1024 3536 3728 4576 4896 5152 5536 6624 7008 15168 19328 22656
NOVA 32768 3568 3792 4640 4896 5216 5664 6688 7200 16768 19584 22656
PMFS 1024 4000 4000 4000 5000 5000 5000 6000 7000 20000 269000 297000
PMFS 32768 4000 4000 4000 5000 5000 5000 6000 7000 21000 273000 289000
KILLER 1024 1960 2064 2192 2416 3536 4256 5472 5792 7392 14912 20096
KILLER 32768 1864 1960 2064 2192 2512 3536 5088 5472 8160 16192 19328
SplitFS-FIO 1024 1512 1544 1592 1640 1736 1832 3216 3472 34560 937984 1003520
SplitFS-FIO 32768 1512 1560 1608 1656 1768 2008 4384 4704 954368 2179072 2375680
EXT4-DAX 1024 8512 8896 9280 9664 10304 11200 17280 19584 25984 27264 31872
EXT4-DAX 32768 8512 9024 9408 9664 10304 10944 16512 18560 25472 26496 29568
XFS-DAX 1024 8896 9408 9664 10176 10688 11072 12352 17536 25984 27008 29568
XFS-DAX 32768 8768 9280 9664 10048 10560 10944 12096 13376 25984 27008 29056
NOVA 1024 3088 3216 3440 4320 4704 4896 5472 6304 15040 19328 21888
NOVA 32768 3280 3440 3728 4576 4896 5152 6432 7136 15424 19328 22144
PMFS 1024 4000 4000 5000 5000 5000 5000 6000 7000 21000 273000 281000
PMFS 32768 4000 4000 4000 5000 5000 5000 6000 7000 21000 277000 285000
KILLER 1024 1944 2064 2192 2416 3568 4256 5472 5792 12864 17792 20608
KILLER 32768 1784 1864 1976 2096 2320 2832 4512 5152 6880 14656 18816
SplitFS-FIO 1024 1512 1544 1592 1640 1736 1832 3216 3472 48896 937984 1011712
SplitFS-FIO 32768 1512 1560 1608 1656 1768 2008 4384 4704 954368 2179072 2375680
EXT4-DAX 1024 8512 9024 9408 9792 10432 11712 17536 19328 25728 26752 30592
EXT4-DAX 32768 8512 9024 9280 9664 10176 10816 16768 18816 25472 26752 30848
XFS-DAX 1024 8640 9152 9536 9920 10304 10816 12096 16768 25728 26496 28288
XFS-DAX 32768 8768 9280 9664 10048 10560 10944 12224 13504 25728 26752 28800
