file_system file_size tail50 tail60 tail70 tail80 tail90 tail95 tail99 tail995 tail999 tail9995 tail9999
NOVA 1024 3184 3344 3696 4320 4704 4960 5920 6240 13760 18560 20864
NOVA 32768 3376 3664 4256 4576 4960 5408 6240 6688 13760 18560 21120
PMFS 1024 4000 4000 4000 4000 5000 5000 6000 6000 20000 120000 129000
PMFS 32768 4000 4000 4000 5000 5000 5000 6000 6000 20000 121000 125000
KILLER 1024 1864 1960 2064 2224 2512 3344 5152 5472 6240 11456 18304
KILLER 32768 1896 2008 2128 2352 3088 4016 5280 5600 6304 12096 18560
SplitFS-FIO 1024 1496 1544 1592 1656 1752 1848 3120 3472 20096 954368 1044480
SplitFS-FIO 32768 1512 1544 1592 1656 1768 1976 4448 4832 995328 2088960 2244608
EXT4-DAX 1024 8256 8640 9024 9408 9920 10304 11456 12352 24704 25984 28032
EXT4-DAX 32768 8384 8768 9024 9408 9920 10560 16512 18560 25472 26496 31360
XFS-DAX 1024 8640 9152 9536 9920 10432 10816 11968 12992 25472 26752 28544
XFS-DAX 32768 8640 9152 9536 9920 10432 10944 12096 13120 25216 26240 28544
