Memory(KiB)
123676972 
123676192 
123676828 
123676836 
123676508 
123678116 
123678648 
123678532 
123677792 
123678064 
123678060 
123677700 
123677932 
123677988 
123678480 
123678792 
123677772 
123677964 
123677460 
123678144 
123677104 
123678320 
123677872 
123677736 
123677220 
123678744 
123677888 
123677264 
123677764 
123677928 
123677020 
123677524 
123678028 
123677000 
123677504 
123677052 
123677544 
123677540 
123677012 
123677376 
123678088 
123677760 
123677812 
123677824 
123677832 
123677828 
123678560 
123678300 
123677496 
123677172 
123676432 
123676776 
123675324 
123677612 
123677068 
123677300 
123676992 
123677116 
123676068 
123676720 
123676540 
123677144 
123677280 
123677280 
123675540 
123677260 
123676944 
123676540 
123677340 
123677448 
123676916 
123676816 
123675808 
123676976 
123676572 
123676260 
123676408 
123676236 
123676624 
123676292 
123676612 
123676528 
123676112 
123674504 
123707512 
123728156 
123736360 
123757724 
123752932 
123751644 
123750096 
123750600 
123759160 
123754944 
123752112 
123751600 
123750128 
123758148 
123754316 
123751788 
123751764 
123749668 
123744876 
123745884 
123744864 
123745384 
123744876 
123745356 
123745352 
123746360 
123745344 
123745848 
123744828 
123744832 
123744320 
123744320 
123744296 
123743784 
123743784 
123744104 
123745112 
123744608 
123744076 
123744068 
123744572 
123743548 
123744052 
123744044 
123743516 
123744016 
123745024 
123744012 
123743508 
123743000 
123744012 
123743988 
123743480 
123743960 
123748224 
123749644 
123749584 
123748364 
123744784 
123745288 
123744268 
123727296 
123726776 
123667164 
123598636 
123599456 
123599456 
123598948 
123598948 
123598440 
123598664 
123598664 
123598664 
123598152 
123593076 
123740900 
123740776 
123745384 
123744008 
123748436 
123748500 
123781724 
123781756 
123782636 
123781832 
123782408 
123781548 
123782008 
123782144 
123782948 
123782288 
123782212 
123781324 
123781532 
123782036 
123782520 
123781840 
123782352 
123781840 
123781596 
123782152 
123782180 
123781940 
123781072 
123781576 
123781344 
123781856 
123781936 
123781728 
123781200 
123781380 
123782572 
123781564 
123782228 
123781904 
123781756 
123782080 
123782080 
123782076 
123781548 
123781044 
123781548 
123782024 
123782084 
123781772 
123781748 
123781744 
123781744 
123781740 
123782060 
123781404 
123781404 
123782408 
123781972 
123781464 
123782184 
123781656 
123781268 
123780968 
123781448 
123780412 
123781360 
123780204 
123780828 
123781208 
123781712 
123780684 
123780324 
123780320 
123781064 
123780652 
123781424 
123780416 
123780696 
123781204 
123781092 
123781180 
123780904 
123780616 
123781168 
