Memory(KiB)
117308064 
117307500 
117307260 
117306472 
117306352 
117307684 
117307388 
117306372 
117307092 
117307492 
117306388 
117306904 
117306388 
117306956 
117305912 
117306468 
117306724 
117305708 
117305388 
117304748 
117305224 
117306016 
117305880 
117305988 
117305472 
117305492 
117306088 
117305612 
117305204 
117306232 
117305036 
117305392 
117305540 
117305776 
117304764 
117305788 
117305528 
117304480 
117305020 
117305524 
117305376 
117305880 
117306456 
117305948 
117305540 
117305124 
117305260 
117305988 
117304968 
117305468 
117305468 
117304732 
117304724 
117305732 
117305336 
117304504 
117304432 
117305360 
117303632 
117303604 
117303944 
117305028 
117305532 
117305164 
117305644 
117304760 
117304532 
117306220 
117305376 
117305896 
117304924 
117304552 
117304908 
117305560 
117305544 
117306608 
117306068 
117307060 
117305204 
117304936 
117372504 
117503028 
117678384 
117798292 
117878416 
117957532 
118076440 
118232176 
118399980 
118552688 
118732080 
118916580 
119089444 
119260284 
119431612 
119603948 
119777772 
119947108 
120125088 
120301428 
120478328 
120653696 
120827536 
121001348 
121159052 
121312240 
121421204 
121543136 
121685724 
121821268 
121981012 
122128152 
122243016 
122371540 
122483964 
122620168 
122754216 
122853488 
122955752 
123066636 
123175480 
123281300 
123393676 
123517144 
123648136 
123758484 
123902104 
124050768 
124193376 
124318836 
124408028 
124535352 
124714024 
124841040 
125020944 
125120264 
125179304 
125176016 
125173268 
125174288 
125173416 
125173660 
125181636 
125177740 
125174660 
125174180 
125173460 
125173460 
125179900 
125175772 
125172748 
125172760 
125170496 
125167552 
125165356 
125156532 
125149820 
125146200 
125140824 
125138272 
125136256 
125132524 
125135320 
125134852 
125133584 
125135072 
125134324 
125132896 
125131964 
125132596 
125133976 
125132528 
125131656 
125131560 
125130476 
125131488 
125131660 
125132100 
125131884 
125131844 
125133192 
125129656 
125132084 
125126500 
125129948 
125126552 
125127992 
125128708 
125128512 
125128752 
125128972 
125129388 
125128248 
125129536 
125130448 
125127508 
125126180 
125126780 
125125004 
125126428 
125127840 
125128812 
125128056 
125127388 
125127780 
125127808 
125127248 
125122040 
125122748 
125124792 
125124472 
125126704 
125127344 
125123696 
125126808 
125122164 
125125680 
125124096 
125123592 
125123812 
125123796 
125124040 
125123208 
125121648 
125121228 
125119604 
125122788 
125120240 
125120932 
125120764 
125119560 
125119824 
125119444 
125112388 
125108216 
125102656 
125098132 
125091900 
125092428 
125097280 
125094480 
125093196 
125092280 
125093468 
125093920 
125094120 
125095352 
125094684 
125096456 
125098228 
125097200 
125097128 
125074640 
125082468 
125082300 
125081900 
125082940 
125082688 
125081804 
125081784 
125082148 
125082160 
125082132 
125082520 
125081536 
125081792 
125082524 
125081992 
125080828 
125080260 
125081832 
125081020 
125081768 
125081764 
125081364 
125081280 
125081928 
125082248 
125080936 
125081920 
125081904 
125081656 
125080832 
125081204 
125081424 
125082620 
125082100 
125082280 
125081536 
125081636 
125082912 
125082608 
125082056 
125081712 
125081280 
125081012 
125082540 
125082484 
125081444 
125081876 
125081440 
125080496 
125081604 
125081172 
125081728 
125081156 
125082484 
125081460 
125081176 
125082428 
125080728 
125081716 
125081724 
125080692 
125080696 
125080688 
125081080 
125080292 
125079788 
125079776 
125080104 
125080636 
125081024 
125080516 
125079864 
125080936 
125080680 
125080816 
125080736 
125079180 
125077636 
125075432 
125074004 
125074268 
125071984 
125072076 
125068672 
125053364 
124973252 
124925836 
124924784 
124923752 
124923204 
124922152 
124921644 
125064476 
125074392 
125072364 
125072900 
125071356 
125070284 
125069752 
125074888 
125075568 
125076500 
125076192 
125075876 
125076444 
125077012 
125076240 
125076744 
125074792 
125076064 
125076484 
125075464 
125076676 
125076420 
125075952 
125075640 
125076172 
125075340 
125076088 
125075580 
125076192 
125077200 
125075676 
125074952 
125075400 
125075180 
125075984 
125075520 
125075340 
125074872 
125075972 
125075308 
125075520 
125074992 
125075860 
125075236 
125075368 
125075188 
125075708 
125075688 
125075268 
125075480 
125075076 
125075428 
125075328 
125074704 
125075208 
125074936 
125075156 
125075464 
125075788 
125075936 
125076004 
125074376 
125074376 
125074048 
125075044 
125074604 
125073812 
125074140 
125073996 
125074176 
125073736 
125073736 
125074100 
125074716 
125074140 
125074016 
125073292 
125073708 
125073716 
125074968 
125074236 
125073852 
125071684 
