Memory(KiB)
123780380 
123780996 
123780572 
123780472 
123781640 
123781364 
123781532 
123781180 
123782144 
123782408 
123781596 
123781540 
123780824 
123779852 
123779760 
123780380 
123780880 
123780584 
123780720 
123781080 
123780036 
123780804 
123780812 
123780812 
123780160 
123780808 
123779976 
123780056 
123780772 
123780616 
123781200 
123780184 
123780832 
123780080 
123780136 
123779676 
123781128 
123779944 
123779796 
123780804 
123780312 
123780424 
123779552 
123780948 
123780256 
123779932 
123780164 
123780316 
123779800 
123780668 
123779764 
123780448 
123780060 
123780104 
123780484 
123780472 
123779936 
123780228 
123781028 
123781044 
123781048 
123780568 
123781124 
123780948 
123781580 
123780676 
123780416 
123779904 
123780112 
123780112 
123780692 
123781392 
123780824 
123781104 
123780744 
123780604 
123780596 
123780476 
123779856 
123780124 
123780704 
123780628 
123779952 
123778716 
123780504 
123779468 
123790912 
123786684 
123782976 
123782968 
123782964 
123791176 
123786928 
123784512 
123783472 
123782964 
123791532 
123785796 
123783204 
123782600 
123781940 
123781416 
123781508 
123781992 
123782008 
123779844 
123777152 
123774676 
123773292 
123770028 
123769264 
123767104 
123745384 
123744628 
123722484 
123617344 
123617388 
123616872 
123616360 
123617368 
123616832 
123617336 
123616304 
123617312 
123616296 
123616800 
123759504 
123759500 
123758604 
123763612 
123762392 
123765500 
123765000 
123767380 
123767388 
123766704 
123767328 
123766520 
123765836 
123765312 
123765468 
123766448 
123765672 
123765724 
123765396 
123765900 
123765728 
123766112 
123765972 
123765992 
123765716 
123765404 
123765172 
123765796 
123764904 
123765420 
123765568 
123765152 
123765032 
123765424 
123764388 
123765516 
123765232 
123765604 
123765128 
123765472 
123764768 
123764724 
123765228 
123764904 
123764532 
123765928 
123764836 
123764504 
123765204 
123765772 
123764792 
123765100 
123765276 
123765072 
123764744 
123765428 
123764716 
123764772 
123764952 
123765960 
123764996 
123764852 
123764972 
123764648 
123763816 
123764000 
123764500 
123765508 
123764852 
123764232 
123764572 
123764512 
123764392 
123764064 
123764664 
123764240 
123764892 
123764912 
123764776 
123764624 
123764476 
123764984 
123765224 
123764668 
123764508 
123763040 
