Memory(KiB)
123660144 
123660108 
123660172 
123660704 
123660808 
123661568 
123661624 
123661884 
123660904 
123660916 
123660656 
123661372 
123661344 
123661456 
123661844 
123661824 
123661372 
123660836 
123661464 
123662328 
123661588 
123660932 
123660728 
123661816 
123661732 
123660808 
123661048 
123661044 
123660868 
123659860 
123661376 
123660868 
123661492 
123661612 
123661076 
123660864 
123660860 
123661852 
123661340 
123661044 
123660360 
123661372 
123661496 
123661408 
123660420 
123661516 
123660728 
123660848 
123660544 
123661048 
123661508 
123661156 
123661156 
123660860 
123661068 
123661628 
123661268 
123660308 
123660688 
123660688 
123660420 
123660064 
123661592 
123660724 
123660748 
123660572 
123660824 
123661996 
123661328 
123661656 
123661000 
123661156 
123660536 
123660372 
123660768 
123660464 
123659788 
123660468 
123660196 
123659940 
123659772 
123660304 
123660324 
123660300 
123711820 
123735100 
123739160 
123760692 
123755284 
123753004 
123751680 
123751680 
123759204 
123756028 
123754160 
123752944 
123752944 
123752916 
123757112 
123752812 
123750712 
123749196 
123742804 
123737100 
123729872 
123725844 
123722024 
123720012 
123715972 
123714936 
123714936 
123714600 
123715260 
123715184 
123717192 
123716144 
123715644 
123715136 
123715620 
123716208 
123715264 
123715104 
123713792 
123713284 
123712372 
123714704 
123711168 
123714180 
123714700 
123714280 
123708816 
123712828 
123713568 
123713412 
123713816 
123712784 
123713264 
123712212 
123712212 
123709172 
123709084 
123708948 
123711012 
123711640 
123710840 
123710288 
123711264 
123711716 
123710848 
123711316 
123712376 
123712952 
123712364 
123713172 
123712704 
123713388 
123712140 
123713196 
123708888 
123714376 
123712828 
123711336 
123708316 
123710872 
123711260 
123710020 
123709548 
123710308 
123709804 
123708468 
123711780 
123710480 
123708388 
123707848 
123707024 
123706936 
123706388 
123707252 
123699860 
123693664 
123689508 
123685684 
123684896 
123688092 
123686044 
123687096 
123686012 
123687192 
123686904 
123686364 
123686364 
123686652 
123680872 
123679860 
123678040 
123676520 
123675564 
123672912 
123673268 
123658400 
123663468 
123537172 
123527972 
123527084 
123527060 
123526544 
123527432 
123670376 
123669332 
123674264 
123674136 
123677720 
123678056 
123677448 
123677732 
123678028 
123677664 
123677536 
123677140 
123676412 
123677388 
123677072 
123676780 
123677220 
123677028 
123676944 
123677132 
123677448 
123677200 
123677104 
123676588 
123676472 
123677360 
123676912 
123677476 
123676564 
123676564 
123677432 
123677608 
123676924 
123677516 
123677572 
123677692 
123677776 
123677252 
123676856 
123677344 
123677340 
123677188 
123676672 
123677352 
123677284 
123677012 
123676508 
123677132 
123677132 
123676624 
123677128 
123676940 
123677312 
123676632 
123677136 
123676740 
123677244 
123677228 
123676728 
123676956 
123676596 
123676080 
123676848 
123676592 
123677668 
123677456 
123676940 
123677184 
123677804 
123677960 
123677296 
123677532 
123677404 
123677908 
123676948 
123677812 
123678120 
123678120 
123677748 
123677812 
123677600 
123678748 
123678472 
123677728 
123677144 
