file_system pattern size allocate update-meta update-dram write-data other total bandwidth(MiB/s)
NOVA-RELAX seq 1024 18604982 294103123 10927115 389326014 362944850 1075906084 860
NOVA-RELAX seq 65536 1722630814 75546106004 810039279 24556609863 24849745933 127485131893 485
NOVA-RELAX rand 1024 18343139 289466958 10886439 811473594 918073034 2048243164 912
NOVA-RELAX rand 65536 1669199672 73997206400 803485579 53603242906 66991628422 197064762979 851
NOVA seq 1024 18124877 295513924 12209656 379091978 341335252 1046275687 878
NOVA seq 65536 1625217637 74948822913 853873991 25418663343 22538520989 125385098873 495
NOVA rand 1024 37307288 619310108 444830172 847478290 669345312 2618271170 606
NOVA rand 65536 3868557566 261185844774 36569809756 58187548316 43866894608 403678655020 227
PMFS seq 1024 33377338 233412812 131183915 189283516 450418798 1037676379 890
PMFS seq 65536 2122015805 14211653022 8603015123 12098200667 29997954720 67032839337 885
PMFS rand 1024 33131935 232925804 139094682 478610592 697523350 1581286363 1515
PMFS rand 65536 2120173267 14104680904 8559714588 29070148308 51192529424 105047246491 1355
HUNTER seq 1024 14860899 0 4624826 155193563 196176022 370855310 2090
HUNTER seq 65536 2735679316 429940430 308507376 10834471897 14956533631 29265132650 1786
HUNTER rand 1024 14573828 0 4461526 142844437 187735824 349615615 2012
HUNTER rand 65536 2822564482 460735330 307315905 10890970243 18725120673 33206706633 1502