file_system file_size num_job bandwidth(MiB/s)
NOVA 1024 1 969
NOVA 1024 2 1522
NOVA 1024 3 1714
NOVA 1024 4 1769
NOVA 1024 5 1844
NOVA 1024 6 1885
NOVA 1024 7 1917
NOVA 1024 8 1858
NOVA 1024 9 1794
NOVA 1024 10 1738
NOVA 1024 11 1685
NOVA 1024 12 1675
NOVA 1024 13 1662
NOVA 1024 14 1572
NOVA 1024 15 1365
NOVA 1024 16 1397
PMFS 1024 1 929
PMFS 1024 2 1531
PMFS 1024 3 1688
PMFS 1024 4 1687
PMFS 1024 5 1692
PMFS 1024 6 1584
PMFS 1024 7 1673
PMFS 1024 8 1660
PMFS 1024 9 1589
PMFS 1024 10 1637
PMFS 1024 11 1598
PMFS 1024 12 1637
PMFS 1024 13 1635
PMFS 1024 14 1525
PMFS 1024 15 1532
PMFS 1024 16 1526
HUNTER-FSYNC 1024 1 946
HUNTER-FSYNC 1024 2 1448
HUNTER-FSYNC 1024 3 1817
HUNTER-FSYNC 1024 4 1875
HUNTER-FSYNC 1024 5 1865
HUNTER-FSYNC 1024 6 1872
HUNTER-FSYNC 1024 7 1848
HUNTER-FSYNC 1024 8 1733
HUNTER-FSYNC 1024 9 1635
HUNTER-FSYNC 1024 10 1504
HUNTER-FSYNC 1024 11 1451
HUNTER-FSYNC 1024 12 1409
HUNTER-FSYNC 1024 13 1385
HUNTER-FSYNC 1024 14 1368
HUNTER-FSYNC 1024 15 1323
HUNTER-FSYNC 1024 16 1374
HUNTER 1024 1 2081
HUNTER 1024 2 1893
HUNTER 1024 3 2006
HUNTER 1024 4 2129
HUNTER 1024 5 2189
HUNTER 1024 6 2198
HUNTER 1024 7 2174
HUNTER 1024 8 2077
HUNTER 1024 9 1869
HUNTER 1024 10 1659
HUNTER 1024 11 1541
HUNTER 1024 12 1443
HUNTER 1024 13 1372
HUNTER 1024 14 1300
HUNTER 1024 15 1264
HUNTER 1024 16 1203
PMM 1024 1 2259.2
PMM 1024 2 2240.0
PMM 1024 3 2246.4
PMM 1024 4 2227.2
PMM 1024 5 2169.6
PMM 1024 6 2035.2
PMM 1024 7 1779.2
PMM 1024 8 1587.2
PMM 1024 9 1555.2
PMM 1024 10 1369.6
PMM 1024 11 1337.6
PMM 1024 12 1241.6
PMM 1024 13 1222.4
PMM 1024 14 1164.8
PMM 1024 15 1126.4
PMM 1024 16 1100.8
