file_system file_size bandwidth(MiB/s) std-file_size std-bandwidth(MiB/s)
NOVA 1024 1035 0.0 11.489125293076057
NOVA 2048 955 0.0 9.486832980505138
NOVA 4096 928 0.0 60.0
NOVA 8192 909 0.0 7.483314773547883
NOVA 16384 816 0.0 4.47213595499958
NOVA 32768 706 0.0 4.0
NOVA 65536 547 0.0 16.492422502470642
PMFS 1024 919 0.0 5.477225575051661
PMFS 2048 950 0.0 1.4142135623730951
PMFS 4096 933 0.0 1.0
PMFS 8192 917 0.0 5.477225575051661
PMFS 16384 932 0.0 4.0
PMFS 32768 933 0.0 4.47213595499958
PMFS 65536 934 0.0 2.449489742783178
HUNTER 1024 2096 0.0 65.0
HUNTER 2048 2135 0.0 122.0
HUNTER 4096 2087 0.0 68.49817515817483
HUNTER 8192 2094 0.0 60.4979338490167
HUNTER 16384 2044 0.0 50.49752469181039
HUNTER 32768 1881 0.0 17.0
HUNTER 65536 1866 0.0 106.0
PMM 1024 2259.2 0.0 0.0
PMM 2048 2259.2 0.0 0.0
PMM 4096 2259.2 0.0 0.0
PMM 8192 2259.2 0.0 0.0
PMM 16384 2259.2 0.0 0.0
PMM 32768 2259.2 0.0 0.0
PMM 65536 2259.2 0.0 0.0
